cam0:
  T_cam_imu:
  - [0.9999333185463176, 0.011258242869965962, -0.0025710753451361743, -0.042632032921043596]
  - [-0.01123813694261262, 0.9999071643159521, 0.007705000174664337, 0.0015804164732909549]
  - [0.00265758142087727, -0.007675592297233648, 0.9999670107277935, -0.007070094846092049]
  - [0.0, 0.0, 0.0, 1.0]
  cam_overlaps: [1]
  camera_model: pinhole
  distortion_coeffs: [-0.2939561286062885, 0.08855038631408436, 0.00016336846689117313,
    -0.00012973853657808853]
  distortion_model: radtan
  intrinsics: [470.86122663616464, 471.33268359921624, 375.79823423264236, 234.53085039915857]
  resolution: [752, 480]
  rostopic: /cam0/image_raw
cam1:
  T_cam_imu:
  - [0.9998755486580421, 0.014170153140931764, -0.006934980587019903, 0.06720317092574263]
  - [-0.014128969008939597, 0.9998824660389757, 0.005952003239359271, 0.0012843547099449502]
  - [0.007018506288678924, -0.005853278378777192, 0.9999582389788569, -0.006060509032261534]
  - [0.0, 0.0, 0.0, 1.0]
  T_cn_cnm1:
  - [0.9999862368861274, 0.002878665277048578, -0.004386265444053648, 0.10979905629452795]
  - [-0.002886410273442654, 0.9999942847408526, -0.0017604321528978213, -0.0004315526909484417]
  - [0.004381172680498797, 0.001773068485509398, 0.9999888307146687, 0.0011934829572288858]
  - [0.0, 0.0, 0.0, 1.0]
  cam_overlaps: [0]
  camera_model: pinhole
  distortion_coeffs: [-0.2990087205479095, 0.09150535394241864, 0.00027692708395810913,
    -0.0004412307230307416]
  distortion_model: radtan
  intrinsics: [465.077344544104, 465.62332367727765, 381.82977781751583, 235.88983908633216]
  resolution: [752, 480]
  rostopic: /cam1/image_raw
