cam0:
  T_cam_imu:
  - [0.9999638854748866, 0.006776510333366296, -0.005129001235192712, -0.03802751864912517]
  - [-0.0067646656054610975, 0.99997442069494, 0.0023231993169102057, 0.0069705399957218275]
  - [0.005144613223082973, -0.0022884194374240547, 0.9999841479199878, 0.001834095150065759]
  - [0.0, 0.0, 0.0, 1.0]
  cam_overlaps: [1]
  camera_model: pinhole
  distortion_coeffs: [0.011018735172905199, -0.037267274003120264, 0.09069148825172853,
    -0.07022513948532011]
  distortion_model: equidistant
  intrinsics: [469.69335866537415, 469.60523335676896, 375.81156688000374, 235.67220812847538]
  resolution: [752, 480]
  rostopic: /cam0/image_raw
cam1:
  T_cam_imu:
  - [0.999929947373598, 0.009705158625344231, -0.006775709666968983, 0.0726693728458538]
  - [-0.009704955315601472, 0.9999529038348651, 6.288516176111564e-05, 0.0066573110890519385]
  - [0.006776000867497672, 2.8772030590503412e-06, 0.9999770426384628, 0.002958708913879256]
  - [0.0, 0.0, 0.0, 1.0]
  T_cn_cnm1:
  - [0.9999943551093635, 0.0029249773271925058, -0.0016535589021038472, 0.11067932094671196]
  - [-0.002928736178104746, 0.9999931226066822, -0.002275355738189903, -0.00042038031823186044]
  - [0.0016468921659834011, 0.0022801857318348216, 0.9999960442417866, 0.0011713541157640534]
  - [0.0, 0.0, 0.0, 1.0]
  cam_overlaps: [0]
  camera_model: pinhole
  distortion_coeffs: [-0.026124377673622322, 0.11400438353263162, -0.20012391836901924,
    0.12731091825454674]
  distortion_model: equidistant
  intrinsics: [465.0032830522287, 464.9075708089721, 380.2015168346912, 237.28253518748602]
  resolution: [752, 480]
  rostopic: /cam1/image_raw
